(HF) Output of Embeddings

tensor([[[-0.0353,  0.0045,  0.0208,  ..., -0.0117,  0.0041,  0.0075],
         [-0.0172,  0.0236, -0.0051,  ...,  0.0141,  0.0115,  0.0058],
         [-0.0148,  0.0043, -0.0252,  ...,  0.0179,  0.0025, -0.0008],
         ...,
         [ 0.0003,  0.0051,  0.0002,  ...,  0.0043,  0.0075,  0.0049],
         [-0.0110,  0.0472,  0.0030,  ...,  0.0098, -0.0075,  0.0146],
         [-0.0085, -0.0219, -0.0016,  ..., -0.0059,  0.0109, -0.0016]]],
       device='cuda:0', dtype=torch.float16, grad_fn=<EmbeddingBackward0>)

(MLX) Output of Embeddings

array([[[-0.0352783, 0.00445175, 0.020813, ..., -0.0117188, 0.00411606, 0.00748444],
        [-0.0171509, 0.0236053, -0.00508881, ..., 0.0141144, 0.0115204, 0.00582504],
        [-0.0147858, 0.00426102, -0.0252075, ..., 0.0179443, 0.0024662, -0.00076437],
        ...,
        [0.000337124, 0.00508499, 0.000193119, ..., 0.00427628, 0.00753403, 0.00492477],
        [-0.0110092, 0.0472107, 0.00295448, ..., 0.00982666, -0.00747681, 0.0145721],
        [-0.00852203, -0.0218964, -0.00161839, ..., -0.00592422, 0.0108643, -0.00162697]]], dtype=float16)

(HF) Output of First Attention Layer

tensor([[[-0.2000,  0.4849,  0.9863,  ..., -0.2209,  0.1355,  0.3469],
         [ 0.4922, -0.3865,  0.8428,  ...,  0.5894, -0.0069, -0.5278],
         [ 0.0902,  0.1028,  0.6826,  ...,  0.1394, -0.8145, -0.1880],
         ...,
         [ 0.2380,  0.0555, -0.3005,  ...,  0.0372, -0.0895,  0.0255],
         [ 0.2512,  0.1949,  0.3401,  ...,  0.3625, -0.3103, -0.1064],
         [-0.0905,  0.0665,  0.5210,  ..., -0.0767, -0.2460, -0.1449]]],
       device='cuda:0', dtype=torch.float16, grad_fn=<AddBackward0>)
torch.Size([1, 23, 2560])

(MLX) Output of First Attention Layer

array([[[0.098999, 0.303711, 0.911621, ..., 0.321289, -0.428467, 0.12262],
        [0.19458, -0.431396, 0.54248, ..., 0.471924, -0.13623, -0.701172],
        [0.0982666, -0.164917, -0.332031, ..., 0.0826416, -0.384521, -0.0993042],
        ...,
        [-0.00280571, -0.0605774, -0.353271, ..., 0.169678, -0.286865, -0.28418],
        [0.162842, 0.124512, 0.602539, ..., 0.39502, -0.112427, 0.0349121],
        [-0.413574, 0.134644, 0.686035, ..., 0.0796509, 0.0216675, -0.118958]]], dtype=float16)
[1, 23, 2560]

Overall Output of Inputs:

CausalLMOutputWithPast(loss=None, logits=tensor([[[ 6.4688,  5.1016,  1.9658,  ..., -2.9043, -2.9043, -2.9043],
         [ 5.2188,  6.4414,  5.1914,  ..., -0.1852, -0.1862, -0.1866],
         [ 4.3516,  5.3281,  5.9922,  ..., -0.3689, -0.3699, -0.3696],
         ...,
         [10.4141, 11.7031, 12.5859,  ...,  0.7778,  0.7769,  0.7754],
         [10.7188, 11.7891, 13.3125,  ...,  1.6123,  1.6113,  1.6104],
         [10.8047, 12.0234, 12.4375,  ...,  0.2321,  0.2314,  0.2317]]],